
11.797,9.869,10.167
9.749,8.643,8.096
8.046,10.241,10.122
8.873,9.363,10.216
8.127,8.469,8.981
8.928,6.597,9.134
8.011,9.821,9.908
8.959,9.265,8.886
11.237,7.416,9.744
10.475,9.691,7.058
11.111,6.772,7.112
11.359,6.571,9.092
10.89,7.462,8.482
9.485,9.638,10.201
10.691,8.007,10.882
8.159,8.358,8.12
10.88,6.715,9.565
10.742,7.405,8.324
8.846,9.382,10.857
9.521,9.176,8.826
11.821,10.403,9.863
11.491,9.4,8.213
8.709,7.144,9.271
11.458,7.53,9.525
8.885,7.727,7.18
8.697,6.575,8.841
10.13,6.59,10.172
9.698,7.696,9.29
9.107,8.187,8.268
8.041,7.173,10.61
9.355,8.289,10.26
10.756,8.132,8.528
11.445,8.381,9.923
8.134,8.548,8.103
8.275,8.413,10.317
11.88,8.925,8.655
9.221,8.16,7.669
8.002,8.296,8.666
10.812,10.388,10.279
10.438,8.999,7.336
11.36,8.851,9.834
11.686,8.94,7.008
9.292,9.506,10.09
8.039,8.759,9.513
11.608,7.866,9.656
10.897,9.277,7.388
10.678,7.891,7.755
8.495,7.21,9.332
9.893,8.713,8.404
9.91,10.101,10.963
9.334,7.37,7.466
8.282,7.904,8.317
10.425,7.541,10.835
8.999,9.498,8.551
11.53,7.892,9.073
9.239,9.651,9.585
8.967,9.765,7.287
10.016,8.282,7.138
10.849,10.168,10.998
11.802,10.212,8.393
11.182,8.227,8.79
11.261,7.3,10.876
8.278,8.45,9.781
9.46,7.257,8.783
9.281,9.373,8.629
8.8,9.932,10.56
8.481,8.269,10.818
11.828,10.098,8.666
10.069,10.331,7.339
9.394,10.04,8.855
11.296,6.776,10.65
9.129,6.664,9.717
10.519,9.467,8.041
11.826,7.787,8.996
11.303,7.441,9.37
10.81,6.741,7.58
9.336,8.52,9.27
9.192,9.044,7.897
11.225,7.384,10.071
11.806,6.92,8.235
9.002,9.695,10.993
8.62,8.88,7.715
11.304,8.162,8.975
11.721,6.626,9.124
9.301,7.524,10.818
9.619,9.89,8.257
11.682,9.772,7.141
11.582,7.603,7.84
11.12,7.441,9.141
9.684,6.618,7.499
9.438,10.017,10.91
9.848,10.437,9.491
9.2,8.332,8.125
9.252,9.845,10.997
8.191,9.858,7.282
10.7,7.56,7.665
11.755,9.127,9.383
10.744,7.166,8.649
10.704,7.234,8.394
11.907,9.823,7.265
11.61,7.241,7.496
8.806,9.768,9.195
8.882,7.852,9.62
10.025,8.851,10.355
11.782,8.694,10.964
10.562,7.915,9.311
8.329,7.431,7.405
10.543,7.147,10.776
10.825,9.828,7.327
8.842,8.862,9.754
10.881,8.735,9.817
9.912,7.107,9.668
9.946,10.011,8.748
11.287,10.486,8.199
8.395,10.287,7.595
9.915,9.107,9.664
9.047,7.486,10.298
8.481,6.68,10.464
11.866,9.049,10.973
11.306,7.289,8.305
11.542,9.6,7.76
11.029,6.659,8.538
11.613,10.283,8.608
8.943,6.696,10.246
10.7,7.449,8.424
9.298,8.176,7.065
11.383,9.653,9.358
11.443,7.475,9.944
10.395,10.122,8.497
10.258,7.013,10.536
10.488,8.15,8.92
8.741,7.933,8.969
11.159,8.719,10.521
10.177,9.364,8.182
8.384,6.879,8.136
8.537,9.855,7.995
8.719,7.666,10.597
11.383,7.684,7.789
10.708,8.791,8.032
8.366,6.531,8.951
10.097,8.097,7.07
9.26,9.203,9.012
10.401,10.244,9.945
9.378,6.559,9.424
10.573,7.629,9.173
8.849,10.051,10.005
10.364,8.264,9.277
8.187,9.15,10.121
10.664,8.811,8.857
8.076,6.703,10.644
10.185,8.879,10.6
9.187,10.224,8.14
9.779,9.587,9.496
8.755,7.339,9.457
8.246,8.984,10.61
11.442,9.737,9.084
8.814,6.936,10.376
8.489,8.53,7.636
11.551,6.548,10.273
8.167,9.528,7.051
8.833,8.426,10.519
8.405,6.605,7.999
11.22,7.749,9.615
11.867,7.276,8.702
10.31,8.591,8.166
9.421,10.36,8.367
11.103,9.74,9.38
11.623,7.018,10.588
10.287,9.393,10.856
9.885,6.633,10.68
10.79,8.409,8.08
9.4,8.535,10.953
8.666,8.737,7.175
10.634,6.633,8.793
8.131,8.35,8.852
10.443,7.558,10.459
9.627,6.863,10.178
8.571,9.396,7.981
11.407,6.515,9.643
10.519,6.559,8.188
9.628,9.417,9.513
11.287,9.434,9.309
11.513,10.31,8.286
9.978,8.833,7.013
8.595,7.989,9.185
11.789,7.985,8.68
11.804,8.821,7.668
8.046,8.587,8.329
8.645,7.077,9.526
10.313,7.975,7.628
11.184,8.421,9.271
8.718,10.408,8.89
9.726,8.988,10.719
10.243,9.652,8.388
9.043,7.104,10.745
11.969,9.374,7.151
11.062,8.616,7.16
9.602,7.355,10.038
11.841,9.249,10.458
9.796,8.305,7.632
9.968,9.894,10.821
8.717,8.107,10.801
11.371,10.101,8.641
8.875,9.409,7.624
9.977,10.387,10.475
10.184,6.787,10.844
9.085,9.934,8.765
8.988,7.511,9.53
10.72,7.328,10.971
9.072,10.179,10.587
9.049,6.668,9.784
8.747,9.271,8.914
11.565,8.222,9.792
8.443,9.435,8.524
11.177,9.345,10.866
8.338,10.458,10.258
9.23,8.907,7.582
8.705,7.09,7.014
11.845,7.656,8.369
11.5,7.362,8.325
10.077,10.223,7.504
11.033,10.189,10.93
11.851,8.056,9.407
10.586,9.782,10.962
11.995,8.226,8.432
9.084,7.73,10.266
8.872,9.358,10.801
11.685,10.047,7.34
11.221,10.45,9.453
8.431,7.882,9.052
10.686,6.757,9.54
8.352,10.003,7.333
9.869,9.096,7.902
11.176,7.033,10.86
8.808,7.423,8.038
10.6,9.062,10.916
10.094,8.883,10.013
8.437,10.092,9.758
10.436,9.631,9.888
10.182,7.495,7.856
10.003,9.193,8.17
10.247,8.857,9.076
10.448,8.823,7.862
10.801,9.846,10.986
9.506,8.629,9.475
8.49,7.036,9.135
11.1,9.745,7.989
10.535,7.409,7.466
9.304,9.892,10.334
8.401,10.328,7.436
10.036,8.854,8.053
10.535,6.653,9.576
10.685,9.936,8.823
8.674,10.468,7.989
9.257,9.28,7.308
10.772,8.54,8.029
10.031,7.998,8.919
10.945,7.035,7.573
11.07,8.445,9.202
8.561,7.955,9.529
9.127,7.29,7.693
8.303,7.773,10.428
9.555,6.932,7.799
8.126,8.873,9.317
9.501,9.498,8.645
8.007,7.681,8.929
8.597,7.456,10.494
10.926,10.066,10.718
9.411,7.971,8.207
11.704,7.4,10.771
9.271,7.745,10.63
9.747,6.789,9.663
10.943,10.041,10.471
9.409,9.024,9.961
10.657,7.485,9.392
10.906,6.804,9.729
9.301,8.611,7.523
9.143,9.671,7.773
9.681,8.834,7.032
8.148,9.861,10.283
10.487,10.398,10.349
10.837,6.828,7.892
11.689,9.233,10.786
9.254,10.383,10.936
9.573,7.685,10.086
8.204,7.462,10.178
10.586,9.179,9.412
11.052,8.693,9.654
10.669,8.433,10.179
9.031,7.241,7.384
11.537,10.382,9.728
8.336,8.076,10.145
11.28,6.971,8.527
8.286,9.91,8.297
10.042,9.79,8.337
11.426,9.674,7.489
9.028,6.62,7.025
8.273,8.363,10.817
10.223,8.269,7.703
8.853,8.437,8.962
9.905,9.965,7.855
11.195,8.002,8.795
9.357,6.848,7.337
8.66,7.437,7.77
9.951,7.068,7.777
8.494,10.036,9.634
11.123,9.067,8.966
9.99,9.372,7.84
8.576,8.29,9.519
8.619,9.721,10.637
8.417,6.641,7.886
9.441,10.176,7.677
8.166,8.057,7.116
9.804,10.374,8.948
11.565,8.734,9.842
10.959,6.647,9.085
9.651,7.34,7.359
10.993,8.652,9.865
8.461,10.455,7.892
9.474,9.6,10.074
10.841,8.343,7.949
9.736,8.398,7.36
11.567,8.277,8.706
10.097,6.907,10.062
10.484,8.508,10.716
10.214,10.258,8.832
8.134,7.418,7.96
9.893,10.493,9.763
11.385,10.121,7.124
9.909,9.635,9.15
9.471,10.122,10.498
11.899,7.333,10.391
9.98,7.322,9.693
10.004,10.026,10.36
8.96,7.005,8.657
10.487,10.226,10.427
10.304,8.378,7.708
9.035,6.888,8.784
8.543,8.259,10.393
9.615,8.838,7.811
10.123,8.302,7.34
10.086,7.575,9.444
10.417,8.792,10.791
8.503,8.243,7.089
10.07,6.659,9.038
8.597,7.279,10.382
11.142,7.474,8.881
9.459,8.832,10.858
10.251,8.09,9.463
10.25,8.979,9.434
10.976,10.181,9.087
11.31,9.259,10.172
11.998,9.526,7.411
10.923,9.115,10.054
11.27,8.187,8.32
10.303,10.039,8.076
8.321,9.506,9.608
11.677,7.387,9.144
8.009,8.504,9.128
9.092,10.058,9.238
8.593,8.569,7.624
8.125,8.904,7.662
8.091,8.46,8.093
11.735,6.51,7.019
8.719,10.297,7.147
9.895,8.948,10.445
9.278,9.182,10.885
11.424,8.927,9.247
9.001,9.604,9.869
11.002,7.635,8.533
9.71,8.415,10.9
9.566,8.555,9.213
8.393,10.317,10.338
10.114,6.921,9.042
11.124,8.213,9.031
11.982,10.072,9.451
10.081,9.578,10.565
11.438,8.931,9.094
11.482,8.897,7.138
9.023,8.756,8.472
8.226,8.118,9.812
8.581,8.247,8.871
10.73,8.712,10.395
9.507,9.354,8.158
10.133,9.769,9.916
10.074,7.771,8.974
10.38,7.349,9.703
8.831,10.147,8.498
10.615,9.207,10.686
10.573,9.903,10.444
11.752,7.374,10.747
10.856,10.393,8.352
8.569,6.834,9.277
10.706,9.074,8.307
9.093,10.08,9.874
11.268,10.215,8.105
11.537,9.104,8.627
11.524,9.374,9.934
10.725,7.896,7.603
8.883,9.288,8.066
10.451,8.78,8.602
11.397,7.062,10.72
11.781,9.529,7.397
8.657,6.623,9.128
10.063,7.417,10.477
11.431,9.536,10.807
11.517,6.887,10.351
9.5,7.963,8.834
9.105,8.37,9.573
8.191,6.876,10.312
11.113,6.709,10.211
10.495,8.603,9.87
8.253,7.804,10.111
8.715,7.508,9.391
11.713,9.497,9.947
10.223,7.006,7.019
11.663,6.763,7.929
10.922,9.551,8.812
8.081,9.993,8.212
10.449,6.823,8.322
10.408,8.82,7.532
11.829,8.312,9.737
9.477,9.189,7.841
10.211,7.259,10.242
10.803,8.27,7.756
9.264,10.449,8.553
8.363,6.9,10.902
9.413,9.734,8.958
9.123,8.548,7.935
9.513,8.958,8.199
10.894,9.291,7.109
8.734,10.221,7.332
9.852,7.843,7.094
11.116,7.191,7.532
9.248,9.155,7.752
10.698,8.119,10.704
9.2,9.801,8.203
10.982,7.557,10.708
9.734,9.562,8.241
9.638,7.737,8.951
8.935,8.269,8.055
8.633,8.461,8.906
8.646,7.062,10.181
8.288,9.298,10.306
9.291,8.18,8.841
8.607,9.911,10.436
8.83,8.798,7.303
8.648,9.881,9.911
11.533,8.889,9.783
9.599,9.252,8.781
10.315,7.529,9.376
11.428,8.263,10.025
8.613,10.296,10.222
8.061,7.436,9.867
10.771,6.805,8.417
9.832,8.835,7.493
11.257,8.568,9.451
9.661,9.839,7.998
8.159,9.829,10.537
11.464,7.538,9.229
11.567,7.06,10.681
9.522,10.48,10.753
9.579,7.433,8.965
9.549,9.408,8.378
9.484,8.889,7.067
8.692,6.932,9.735
11.602,7.773,7.423
8.826,8.445,8.814
9.193,9.149,8.938
8.256,10.158,10.039
8.847,8.882,7.501
11.496,6.613,8.96
9.538,6.796,10.454
9.84,10.442,8.852
9.616,8.637,7.025
11.247,9.12,10.618
11.887,10.159,9.825
9.798,6.556,8.27
10.545,9.386,9.796
8.133,9.186,10.362
11.895,8.933,9.897
10.241,8.806,9.374
9.371,9.95,10.358
11.131,9.485,9.91
9.619,8.625,10.335
11.671,10.287,10.274
8.093,7.186,9.165
11.707,7.166,9.133
10.928,6.57,10.132
8.988,9.727,7.939
10.634,9.233,8.384
11.911,10.29,8.079
10.626,7.832,9.892
9.501,9.274,9.454
9.872,6.819,10.561
10.967,9.966,8.458
8.169,9.645,8.122
8.506,10.198,7.922
11.795,7.087,7.378
9.338,7.461,10.507
9.212,9.686,9.581
8.156,7.947,10.393
10.18,8.575,10.984
8.741,8.326,10.39
8.352,10.463,10.527
8.794,7.773,9.455
8.162,7.226,7.269
11.172,7.904,9.061
9.685,10.232,7.502
9.748,7.617,10.467
9.785,9.86,7.614
9.761,8.444,8.524
8.971,10.199,8.04
11.09,6.755,10.101
10.707,6.856,8.89
8.363,9.069,7.261
9.184,7.302,7.107
8.535,7.959,10.733
9.451,8.392,10.555
10.158,6.755,7.896
8.47,8.564,9.027
11.045,7.093,8.182
10.152,6.927,8.56
8.214,7.877,7.974
9.53,9.148,8.097
10.44,9.011,8.062
8.917,7.516,7.959
8.575,7.109,10.164
9.955,7.521,7.812
9.719,7.374,9.535
10.519,9.31,10.087
9.963,8.313,8.684
9.801,8.105,10.012
9.218,9.514,9.302
8.09,6.629,7.258
10.464,8.043,9.85
8.864,9.56,9.139
11.028,8.445,8.743
10.946,6.67,8.36
11.927,9.51,10.872
9.067,7.536,8.228
9.677,9.037,9.375
10.113,7.479,7.001
9.199,6.628,9.439
11.934,8.591,10.867
9.29,7.955,9.606
10.051,8.077,7.371
10.391,9.961,8.697
11.813,8.187,10.738
8.931,8.028,10.856
8.917,7.687,10.069
11.609,6.537,8.134
9.561,6.733,10.513
10.981,9.008,9.102
11.328,7.955,9.773
10.098,8.498,10.51
11.46,7.515,8.864
9.673,8.378,8.771
10.765,7.033,10.679
10.95,7.772,7.192
9.932,7.829,8.353
10.397,8.314,8.72
9.812,7.895,7.018
8.048,7.165,10.965
10.547,8.446,7.441
9.567,7.514,7.975
8.383,8.809,9.314
9.562,8.492,10.902
11.017,8.874,8.845
9.995,7.816,8.044
9.774,7.865,7.08
11.316,8.202,10.508
8.005,7.337,8.734
8.228,9.181,8.205
8.029,10.351,10.009
11.955,10.05,7.837
8.96,10.497,10.658
8.042,8.756,10.911
9.803,8.168,8.834
8.519,9.761,10.358
11.681,7.48,7.951
9.546,8.948,7.582
8.277,7.478,7.534
8.916,10.396,7.14
9.832,10.322,7.249
10.774,6.581,7.84
11.437,9.505,9.07
11.836,9.118,9.766
11.159,8.113,7.769
11.05,8.563,10.811
8.936,8.09,7.781
9.272,9.133,10.424
9.352,9.724,8.084
9.817,7.484,10.216
11.119,8.15,10.611
8.861,9.721,7.536
8.972,9.386,10.852
9.833,8.476,9.161
9.779,10.403,10.404
8.453,9.596,8.171
10.851,8.824,7.818
8.203,7.148,10.379
11.627,10.35,9.365
11.113,9.032,8.467
11.647,7.382,9.193
10.662,10.197,9.591
8.559,8.018,7.674
9.006,7.236,8.568
11.593,7.805,10.829
8.841,10.421,7.958
10.979,7.493,8.743
11.699,7.687,8.73
11.769,9.772,8.102
10.582,9.608,8.706
11.309,8.559,10.209
11.862,9.264,8.499
9.035,8.1,10.792
11.671,8.784,10.917
9.839,7.386,9.563
10.905,7.955,9.867
10.106,9.689,9.56
9.659,9.842,8.57
10.462,10.379,10.285
9.56,7.52,7.196
9.947,7.12,10.685
8.065,10.297,9.88
8.041,7.881,8.457
10.234,9.442,8.962
9.892,8.548,7.957
8.758,7.534,7.774
11.881,9.188,9.852
8.43,8.972,7.08
11.723,9.386,7.375
8.744,8.037,9.281
11.375,8.783,8.294
8.153,8.983,9.503
10.664,9.332,7.906
11.894,8.5,7.73
9.347,6.687,7.818
9.937,7.507,9.506
9.399,8.109,7.477
11.88,9.176,8.123
11.636,6.735,7.299
10.682,10.087,10.996
10.998,8.734,9.406
8.118,7.347,7.494
11.256,7.357,9.171
9.873,7.138,9.062
8.896,6.624,10.318
11.057,8.305,9.779
9.155,9.776,9.499
9.412,7.08,7.483
8.472,8.289,7.943
10.479,7.358,8.67
8.872,9.199,9.671
10.866,10.081,9.568
10.827,6.944,9.69
8.974,10.411,8.88
10.083,8.063,8.392
9.535,9.831,9.274
8.118,9.897,10.27
8.808,7.62,7.505
11.659,8.711,9.922
11.705,8.208,10.317
9.203,9.103,9.747
11.259,8.064,7.354
10.655,7.532,9.815
8.502,9.75,9.94
9.688,8.655,10.069
8.491,7.471,9.721
10.577,10.054,10.808
8.47,8.951,9.774
11.595,10.388,10.137
10.515,6.573,8.667
9.046,9.799,9.056
11.111,10.416,8.045
8.887,6.993,10.002
9.221,8.969,9.464
8.818,10.146,10.946
8.399,8.197,8.838
11.878,8.826,9.674
8.833,9.99,9.897
8.396,8.577,8.692
10.207,7.303,7.707
10.602,10.007,9.408
10.783,7.67,9.679
8.196,7.157,10.251
9.668,6.825,7.423
11.832,6.878,7.745
11.334,9.048,8.767
9.525,8.288,7.842
8.471,8.814,10.812
9.18,9.938,9.688
8.167,8.075,10.292
8.579,10.487,7.401
10.166,9.035,10.077
9.644,6.854,7.791
8.976,7.948,10.608
8.996,8.944,10.237
9.092,9.94,10.69
8.729,6.714,7.475
9.047,8.147,7.951
8.101,6.779,8.679
10.539,7.723,7.706
9.3,8.252,7.649
10.515,8.66,9.561
11.708,7.505,8.535
10.243,7.703,10.519
8.142,7.18,9.072
9.101,8.003,10.615
9.187,6.923,8.239
11.201,8.56,7.783
8.591,7.63,8.834
8.945,9.456,9.625
9.819,8.817,7.056
9.662,6.544,7.584
11.829,9.217,10.166
9.733,8.455,10.452
8.112,9.721,7.306
11.276,6.534,9.196
10.986,7.337,7.115
10.606,7.782,10.987
11.354,7.431,9.191
10.882,7.309,8.518
8.878,7.054,10.858
10.844,8.836,7.752
9.143,8.5,7.957
11.5,8.816,8.182
9.553,8.108,7.853
8.295,7.412,7.179
8.385,9.946,9.569
9.433,9.438,7.014
9.493,9.885,10.333
8.277,9.892,10.066
11.204,8.687,8.895
9.239,9.109,7.237
8.103,8.498,10.51
8.865,9.927,7.246
8.203,6.98,8.695
11.304,9.537,9.332
9.361,9.361,9.763
8.188,7.601,8.353
9.304,6.909,7.234
10.82,9.363,8.419
9.068,8.871,8.712
11.222,9.584,10.408
9.853,9.237,7.052
9.444,10.419,7.939
11.604,7.937,9.075
8.893,8.03,7.741
8.477,9.635,9.531
11.051,7.943,10.503
11.011,9.883,10.595
10.111,9.518,8.117
10.616,9.078,8.837
10.815,9.876,9.664
10.993,9.422,8.054
11.312,10.48,9.972
11.203,9.475,9.235
9.96,9.635,7.337
8.51,7.534,9.853
8.603,8.165,10.886
10.073,6.957,7.05
9.654,9.187,9.41
10.319,9.546,9.201
11.106,7.368,9.774
9.741,7.455,7.106
9.504,8.266,9.228
8.409,8.472,8.06
9.771,7.001,7.792
9.363,8.388,9.527
8.16,8.066,7.554
8.238,6.919,9.922
11.778,8.68,8.076
10.111,8.532,10.331
9.785,9.841,8.327
10.225,9.867,8.797
9.049,10.256,10.444
11.929,9.655,8.258
9.422,6.667,10.964
11.694,7.551,7.316
11.062,8.031,7.992
10.488,6.906,7.234
9.981,8.69,8.172
11.502,9.536,7.859
11.218,6.653,8.948
11.449,7.309,8.763
8.167,6.854,9.497
9.667,10.308,10.671
11.85,9.385,8.873
9.754,9.151,9.789
11.036,8.261,10.765
11.42,7.561,10.391
10.334,8.446,9.275
8.703,9.174,9.655
8.977,8.108,10.893
9.242,7.281,7.307
10.26,8.846,7.073
9.072,8.275,10.542
10.919,10.422,7.526
9.43,8.594,7.651
10.884,9.524,7.338
9.524,10.315,7.768
8.012,9.351,10.717
11.269,7.146,10.011
11.351,8.203,10.681
11.72,9.948,10.942
11.8,6.809,9.272
10.083,8.201,8.562
9.491,9.647,7.912
10.384,7.455,10.993
9.64,10.034,9.793
9.94,8.685,9.64
8.602,8.371,9.815
9.366,7.843,9.888
11.57,8.441,9.915
8.563,9.838,8.739
10.693,7.106,8.405
10.653,6.798,10.532
10.915,7.892,9.898
9.53,9.587,7.747
8.763,10.449,9.926
9.552,6.774,10.969
9.177,6.919,8.44
10.793,9.279,8.368
10.264,9.309,7.559
9.766,7.84,10.294
10.759,9.382,9.383
8.023,9.326,9.969
10.601,8.628,7.476
9.719,7.814,10.571
10.889,9.456,10.863
8.546,9.551,8.632
10.939,7.716,9.765
11.614,9.441,8.32
11.435,8.259,8.248
8.775,10.325,9.602
9.531,7.168,9.467
9.498,9.378,7.415
11.716,8.986,7.241
9.355,10.451,8.488
9.6,9.919,9.949
8.009,10.048,10.874
8.408,7.997,8.948
11.248,9.043,9.475
9.988,9.138,8.677
11.473,9.063,7.743
11.483,6.906,8.996
10.55,7.73,9.338
11.619,10.293,9.267
10.906,7.772,9.317
10.127,6.957,9.445
10.538,8.79,8.129
9.983,7.752,7.706
9.585,8.071,10.03
8.148,6.766,9.643
10.69,10.199,8.668
9.953,9.93,8.168
10.393,7.074,7.921
10.569,6.917,9.42
11.0,9.801,9.713
10.696,9.98,7.569
11.729,9.358,7.696
10.897,10.054,7.216
10.114,7.067,10.252
11.443,8.217,7.409
8.382,9.125,10.643
11.282,6.756,9.511
8.666,10.401,8.151
10.94,8.414,7.052
10.494,6.756,9.317
9.543,9.806,8.067
10.684,7.74,8.813
11.252,9.615,8.939
9.245,8.025,7.5
8.887,8.94,7.849
9.699,8.339,9.47
9.083,9.527,9.128
10.903,6.563,10.335
11.114,7.743,7.571
11.537,7.255,10.789
11.235,8.826,7.262
8.978,8.218,10.984
11.874,7.964,8.439
11.537,9.609,9.804
8.269,10.452,8.302
11.014,7.849,10.277
11.556,10.094,7.839
11.565,9.839,10.531
10.493,8.315,8.647
8.498,10.015,10.273
9.253,9.987,10.188
11.331,9.254,10.477
10.808,9.975,10.409
11.862,7.866,8.034
11.138,6.635,7.315
9.559,7.122,8.163
11.264,9.106,9.78
11.518,8.598,9.186
10.671,6.529,7.209
8.974,7.794,8.786
10.379,9.486,10.465
11.699,9.501,8.077
11.445,7.606,8.27
11.513,7.947,7.758
9.8,6.783,7.202
11.467,9.779,8.358
8.895,8.137,9.366
11.182,8.405,8.272
8.596,9.979,7.098
9.36,9.221,8.057
10.681,7.079,8.072
10.582,9.565,8.267
9.545,7.37,9.495
11.658,10.218,10.457
11.329,9.593,9.88
11.448,8.604,10.398
11.269,6.806,10.8
8.06,9.285,10.375
9.689,7.037,10.791
8.225,9.828,10.156
9.136,9.143,9.639
10.03,9.97,8.589
8.704,8.098,9.002
9.824,9.028,8.308
11.757,8.45,10.263
9.424,10.29,8.872
10.864,9.913,7.468
9.862,7.982,10.609
10.398,9.513,7.411
11.818,6.672,9.837
8.325,9.559,10.765
8.901,7.758,9.423
8.762,9.865,10.225
8.592,9.507,7.364
10.781,9.725,9.266
10.451,9.315,7.909
11.327,9.346,8.043
11.836,8.033,9.26
10.112,6.692,7.211
8.304,8.468,7.702
8.044,10.055,8.648
10.072,8.33,8.705
10.753,8.65,8.67
9.971,7.26,8.294
11.462,8.567,9.731
11.792,6.87,8.595
9.803,8.344,7.009
11.268,8.485,10.828
11.669,7.942,7.093
8.876,8.531,8.827
8.296,10.315,7.686
10.158,10.155,9.393
8.626,8.475,10.233
10.526,8.647,9.896
11.395,10.368,10.227
10.443,9.349,7.513
9.858,9.451,7.279
11.574,7.71,7.617
8.276,7.083,10.827
11.565,9.951,10.867
10.324,9.296,8.398
9.381,6.71,10.703
8.278,6.787,10.366
9.44,7.921,10.964
9.722,9.162,8.037
11.403,7.233,9.334
8.717,8.127,10.713
9.125,10.226,7.236
11.4,7.203,10.102
9.991,7.856,10.009
10.477,9.516,8.187
9.962,7.093,9.319
10.349,8.925,7.41
9.817,6.97,7.763
10.573,9.304,8.748
8.039,9.697,10.964
9.579,8.543,10.901
9.401,8.418,10.289
11.743,7.608,10.049
8.895,7.882,9.676
8.306,6.861,10.142
8.008,7.966,9.223
10.238,9.172,10.833
10.837,8.447,7.751
10.561,9.5,9.997
11.144,10.204,8.671
8.191,7.964,10.748
11.201,9.232,8.542
10.613,7.32,10.113
10.598,8.874,10.11
10.966,9.567,8.026
9.224,6.788,9.937
11.95,7.936,7.004
8.935,6.509,8.912
10.99,8.396,10.902
10.874,8.382,9.475
10.262,9.88,8.873
8.547,7.593,9.569
10.001,8.583,9.648